NAME : data_3_150
CAPACITY : 2000
DATAFILE : distance_250_cities.csv
NODE_COORD_SECTION
1 42.9096845 -81.49586009999999 207 Mount Brydges
2 42.5701997 -82.50775929999998 66 Ojibways of Walpole Island Fir
3 44.0050203 -77.88823040000003 87 Colborne
4 46.0662089 -81.7751153 48 Whitefish River First Nation
5 43.7764258 -79.2317521 123 Scarborough
6 49.3431571 -82.15413319999998 236 Moonbeam
7 48.6477138 -93.9848425 230 Barwick
8 46.55469 -80.86143100000001 79 Garson
9 46.577569200000006 -81.1979645 92 Chelmsford
10 43.7761753 -79.60924299999998 83 Woodbridge
11 42.80907 -80.08228299999998 183 Nanticoke
12 44.000937500000006 -79.00035489999998 249 Newtonville
13 44.114899 -79.56295290000001 64 Bradford West Gwillimbury
14 41.986065 -82.926412 23 Colchester
15 42.739472 -81.34531799999998 112 Shedden
16 44.474728000000006 -77.310249 188 Tweed
17 46.09766279999999 -77.49333969999998 82 Deep River
18 45.25926519999999 -75.357609 209 Russell
19 42.31736009999999 -81.8470973 248 Rondeau
20 45.299295 -76.721166 192 Calabogie
21 44.9922309 -79.297833 129 Muskoka Falls
22 43.2177791 -79.98728349999998 40 Ancaster
23 49.780093799999996 -92.83695920000001 43 Dryden
24 44.30088129999999 -79.6114973 179 Innisfil
25 45.857853999999996 -82.855147 247 Silver Water
26 43.025258799999996 -80.37516819999998 90 Scotland
27 48.14971729999999 -80.03151700000001 46 Kirkland Lake
28 48.3528205 -89.2663192 2 Fort William First Nation
29 45.2533625 -81.6645411 103 Tobermory
30 43.08955770000001 -79.0849436 140 Niagara Falls
31 44.453256700000004 -78.64215109999998 178 Dunsford
32 42.702461 -81.07879390000001 172 Sparta
33 43.992634 -78.023383 69 Grafton
34 43.37945879999999 -80.71110580000001 62 New Hamburg
35 42.8813217 -81.08754119999998 170 Belmont
36 43.004923100000006 -79.48191229999998 76 Wellandport
37 46.06821129999999 -81.7776902 6 Birch Island
38 43.053042 -82.09332599999998 35 Aberarder
39 43.683715 -80.43054269999998 59 Elora
40 44.89778889999999 -75.1833966 200 Morrisburg
41 43.178351899999996 -81.9987745 235 Chippewas of Kettle/Stony Poin
42 42.815939 -81.55346999999998 142 Melbourne
43 43.1940203 -80.3844996 154 Paris
44 44.6059438 -80.5936871 146 Meaford
45 43.910935200000004 -78.7884468 203 Courtice
46 43.9491784 -78.2934468 101 Port Hope
47 48.767981400000004 -80.67316650000001 13 Iroquois Falls
48 44.906384 -78.379801 173 Gooderham
49 46.352896 -81.33387990000001 118 Walden
50 45.27564599999999 -75.27541099999998 245 Embrun
51 43.217351 -81.069587 163 Uniondale
52 43.773398 -81.532687 164 Auburn
53 44.5404573 -78.5463692 120 Bobcaygeon
54 45.508593 -76.93843199999998 201 Douglas
55 51.0145968 -93.828916 5 Red Lake
56 46.0807239 -79.368324 156 Powassan
57 44.371583 -76.77027509999999 81 Yarker
58 45.550852299999995 -75.280351 84 Clarence-Rockland
59 48.694917700000005 -93.0030097 21 Bear`s Passage
60 43.705952200000006 -80.37783359999999 102 Fergus
61 44.53701969999999 -78.7361328 93 Fenelon Falls
62 43.303253999999995 -80.62156999999998 16 Plattsville
63 44.31867870000001 -80.64788279999998 85 Markdale
64 43.467517 -79.68766590000001 222 Oakville
65 49.6859305 -87.5300824 106 Jellicoe
66 43.581508299999996 -80.72844350000001 141 Linwood
67 45.073258100000004 -75.36307860000002 97 Winchester
68 45.7690306 -79.39638670000001 210 Sundridge
69 44.11098579999999 -79.5794265 244 Bradford
70 44.596151 -78.939262 161 Victoria
71 42.0355591 -82.918148 20 Harrow
72 43.646987 -80.017663 117 Halton Hills
73 44.47933099999999 -75.884855 216 Mallorytown
74 49.619645 -86.13274799999999 58 Caramat
75 42.8418468 -82.46173639999998 25 Mooretown
76 45.9776382 -80.55331420000002 37 Henvey Inlet First Nation
77 42.8372632 -80.30404240000001 186 Simcoe
78 44.1728865 -78.0851607 193 Alderville First Nation
79 45.66524099999999 -79.643979 187 Magnetawan
80 44.2577799 -79.18403599999998 53 Udora
81 49.0157351 -88.268316 42 Nipigon
82 44.2830231 -79.8943637 238 Borden
83 42.741924 -80.57767100000002 234 Langton
84 44.360296999999996 -77.59213369999998 15 Stirling
85 44.75 -80.06666700000001 91 Lafontaine
86 43.3247102 -79.90303709999998 150 Waterdown
87 42.314445 -82.55373890000001 227 Stoney Point
88 43.532205700000006 -80.7657804 168 Wellesley
89 42.926482899999996 -80.60338209999998 124 Otterville
90 45.841037799999995 -79.37957279999998 205 South River
91 43.9631607 -78.9571069 149 Brooklin
92 48.079607 -84.549258 144 Hawk Junction
93 43.912604200000004 -78.688019 130 Bowmanville
94 50.343502 -93.149968 242 Perrault Falls
95 48.532739899999996 -89.585111 4 Kaministiquia
96 44.4057559 -76.01826179999998 1 Lansdowne
97 48.683333000000005 -85.983333 240 Hemlo
98 42.296387 -83.06987 88 Sandwich
99 49.78166599999999 -86.534706 114 Long Lac
100 43.27144699999999 -80.65787399999998 68 Bright
101 44.167665 -80.393568 217 Dundalk
102 44.37167120000001 -80.85438470000001 9 Chatsworth
103 44.6361691 -75.61185569999998 99 Maitland
104 44.8316783 -80.203564 213 Christian Island
105 45.8982631 -77.2828772 181 Petawawa
106 43.7334165 -80.95146980000001 121 Listowel
107 44.31468599999999 -79.20273300000002 199 Pefferlaw
108 43.9345347 -78.60003359999999 215 Clarington
109 43.424376099999996 -80.30181069999998 67 Hespeler
110 47.593853 -82.756869 100 Sultan
111 44.175168000000006 -77.30447 160 Thurlow
112 43.8655329 -79.31068619999998 171 Unionville
113 49.21221920000001 -84.7714443 152 Hornepayne
114 46.1666669 -77.7 147 Rolphton
115 45.6071264 -74.60418899999998 77 Hawkesbury
116 44.325776 -76.87735500000001 116 Newburgh
117 43.761537700000005 -79.41107939999998 104 North York
118 45.056331 -78.07790399999998 14 Deer Lake
119 44.5052295 -77.47263629999998 135 Madoc
120 47.65 -80.766667 34 Gowganda
121 46.300272899999996 -83.79347390000002 22 Bruce Mines
122 44.487744899999996 -76.99518990000001 175 Tamworth
123 45.22556549999999 -76.19405979999998 115 Almonte
124 43.1470282 -81.5337693 45 Ailsa Craig
125 42.8848979 -80.1106997 202 Jarvis
126 44.7528009 -78.08808990000001 197 Apsley
127 46.454695 -80.41645 113 Warren
128 45.3111798 -74.63671579999998 30 Alexandria
129 45.549331 -74.90319989999998 107 Alfred
130 44.10504539999999 -78.944148 195 Port Perry
131 42.17637999999999 -82.964381 11 Paquette Corner
132 42.655559100000005 -81.7554017 157 Wardsville
133 43.4678033 -81.19686569999998 70 Mitchell
134 43.69120059999999 -79.34166379999998 24 East York
135 43.1389731 -81.0301867 131 Kintore
136 44.35021629999999 -79.0386639 63 Cannington
137 50.23748699999999 -90.7007 148 Savant Lake
138 43.2272182 -79.71955859999998 95 Stoney Creek
139 49.974483 -94.39093100000001 228 Redditt
140 44.709294 -75.51897199999998 39 Prescott
141 43.369623 -80.837023 250 Shakespeare
142 44.5895244 -75.68428580000001 119 Brockville
143 47.674490000000006 -81.72342900000001 105 Gogama
144 43.0240705 -79.3622975 60 Fenwick
145 43.887947600000004 -81.3116601 241 Wingham
146 45.619268100000006 -74.6928116 56 L`Orignal
147 44.5690305 -80.94056020000001 125 Owen Sound
148 45.0212762 -74.730345 128 Cornwall
149 46.7006328 -79.10233889999998 7 Thorne
150 46.278529999999996 -83.22259199999998 162 Iron Bridge
DEMAND_SECTION
1 0 207 Mount Brydges
2 961 66 Ojibways of Walpole Island Fir
3 1027 87 Colborne
4 37 48 Whitefish River First Nation
5 789 123 Scarborough
6 1092 236 Moonbeam
7 1899 230 Barwick
8 1187 79 Garson
9 1508 92 Chelmsford
10 209 83 Woodbridge
11 521 183 Nanticoke
12 1412 249 Newtonville
13 1098 64 Bradford West Gwillimbury
14 1320 23 Colchester
15 134 112 Shedden
16 757 188 Tweed
17 45 82 Deep River
18 37 209 Russell
19 1632 248 Rondeau
20 1188 192 Calabogie
21 1616 129 Muskoka Falls
22 252 40 Ancaster
23 387 43 Dryden
24 1779 179 Innisfil
25 304 247 Silver Water
26 1225 90 Scotland
27 1505 46 Kirkland Lake
28 1349 2 Fort William First Nation
29 884 103 Tobermory
30 1887 140 Niagara Falls
31 157 178 Dunsford
32 231 172 Sparta
33 1711 69 Grafton
34 1392 62 New Hamburg
35 1625 170 Belmont
36 606 76 Wellandport
37 185 6 Birch Island
38 818 35 Aberarder
39 1774 59 Elora
40 364 200 Morrisburg
41 827 235 Chippewas of Kettle/Stony Poin
42 481 142 Melbourne
43 776 154 Paris
44 987 146 Meaford
45 747 203 Courtice
46 559 101 Port Hope
47 971 13 Iroquois Falls
48 1839 173 Gooderham
49 679 118 Walden
50 737 245 Embrun
51 1148 163 Uniondale
52 73 164 Auburn
53 431 120 Bobcaygeon
54 783 201 Douglas
55 1 5 Red Lake
56 635 156 Powassan
57 1390 81 Yarker
58 1433 84 Clarence-Rockland
59 330 21 Bear`s Passage
60 1777 102 Fergus
61 1271 93 Fenelon Falls
62 1148 16 Plattsville
63 1364 85 Markdale
64 1554 222 Oakville
65 1138 106 Jellicoe
66 1539 141 Linwood
67 277 97 Winchester
68 1766 210 Sundridge
69 581 244 Bradford
70 779 161 Victoria
71 1734 20 Harrow
72 1530 117 Halton Hills
73 110 216 Mallorytown
74 1630 58 Caramat
75 11 25 Mooretown
76 1257 37 Henvey Inlet First Nation
77 1202 186 Simcoe
78 1234 193 Alderville First Nation
79 1846 187 Magnetawan
80 1778 53 Udora
81 321 42 Nipigon
82 112 238 Borden
83 550 234 Langton
84 567 15 Stirling
85 1400 91 Lafontaine
86 1168 150 Waterdown
87 1665 227 Stoney Point
88 281 168 Wellesley
89 1893 124 Otterville
90 756 205 South River
91 569 149 Brooklin
92 940 144 Hawk Junction
93 422 130 Bowmanville
94 1013 242 Perrault Falls
95 1646 4 Kaministiquia
96 1025 1 Lansdowne
97 1642 240 Hemlo
98 119 88 Sandwich
99 566 114 Long Lac
100 859 68 Bright
101 985 217 Dundalk
102 1094 9 Chatsworth
103 77 99 Maitland
104 1217 213 Christian Island
105 1102 181 Petawawa
106 364 121 Listowel
107 1077 199 Pefferlaw
108 1041 215 Clarington
109 0 67 Hespeler
110 1734 100 Sultan
111 278 160 Thurlow
112 282 171 Unionville
113 876 152 Hornepayne
114 1198 147 Rolphton
115 1030 77 Hawkesbury
116 537 116 Newburgh
117 471 104 North York
118 1224 14 Deer Lake
119 501 135 Madoc
120 1770 34 Gowganda
121 871 22 Bruce Mines
122 1239 175 Tamworth
123 1456 115 Almonte
124 1670 45 Ailsa Craig
125 475 202 Jarvis
126 1763 197 Apsley
127 1813 113 Warren
128 127 30 Alexandria
129 1536 107 Alfred
130 1382 195 Port Perry
131 929 11 Paquette Corner
132 1448 157 Wardsville
133 1077 70 Mitchell
134 998 24 East York
135 274 131 Kintore
136 1790 63 Cannington
137 1109 148 Savant Lake
138 771 95 Stoney Creek
139 433 228 Redditt
140 1512 39 Prescott
141 1167 250 Shakespeare
142 863 119 Brockville
143 1011 105 Gogama
144 1368 60 Fenwick
145 861 241 Wingham
146 1030 56 L`Orignal
147 1138 125 Owen Sound
148 145 128 Cornwall
149 983 7 Thorne
150 467 162 Iron Bridge
DEPOT_SECTION
1
-1
EOF