NAME : data_3_240
CAPACITY : 2000
DATAFILE : distance_250_cities.csv
NODE_COORD_SECTION
1 43.27144699999999 -80.65787399999998 68 Bright
2 44.388594 -76.47323399999998 73 Inverary
3 43.9418049 -79.37918559999999 98 Gormley
4 44.906384 -78.379801 173 Gooderham
5 43.1940203 -80.3844996 154 Paris
6 46.300272899999996 -83.79347390000002 22 Bruce Mines
7 46.7006328 -79.10233889999998 7 Thorne
8 42.9035374 -79.61700440000001 212 Dunnville
9 44.843305 -75.546362 225 Spencerville
10 46.1666669 -77.7 147 Rolphton
11 43.2854723 -80.4507835 10 Ayr
12 43.139227000000005 -79.48490000000002 8 Lincoln
13 47.674490000000006 -81.72342900000001 105 Gogama
14 45.619268100000006 -74.6928116 56 L`Orignal
15 43.69120059999999 -79.34166379999998 24 East York
16 44.6059438 -80.5936871 146 Meaford
17 46.0662089 -81.7751153 48 Whitefish River First Nation
18 44.1728865 -78.0851607 193 Alderville First Nation
19 50.343502 -93.149968 242 Perrault Falls
20 43.0357119 -82.16231499999998 196 Camlachie
21 44.9871484 -81.25460760000001 233 Lion`s Head
22 43.773398 -81.532687 164 Auburn
23 46.577569200000006 -81.1979645 92 Chelmsford
24 48.532739899999996 -89.585111 4 Kaministiquia
25 46.212565000000005 -82.07761599999998 246 Massey
26 44.8316783 -80.203564 213 Christian Island
27 45.3111798 -74.63671579999998 30 Alexandria
28 48.683333000000005 -85.983333 240 Hemlo
29 45.549331 -74.90319989999998 107 Alfred
30 44.9922309 -79.297833 129 Muskoka Falls
31 43.7761753 -79.60924299999998 83 Woodbridge
32 45.299295 -76.721166 192 Calabogie
33 43.467517 -79.68766590000001 222 Oakville
34 45.519651200000006 -74.6522016 47 Vankleek Hill
35 44.7528009 -78.08808990000001 197 Apsley
36 44.000937500000006 -79.00035489999998 249 Newtonville
37 47.8423282 -83.40261079999998 72 Chapleau
38 47.8097064 -79.99752790000001 110 Charlton
39 44.487744899999996 -76.99518990000001 175 Tamworth
40 43.910935200000004 -78.7884468 203 Courtice
41 43.255720600000004 -79.87110240000001 49 Hamilton
42 43.1470282 -81.5337693 45 Ailsa Craig
43 42.9849233 -81.2452768 185 London
44 43.832919700000005 -80.5378858 176 Arthur
45 43.981093 -80.73586530000001 44 Mount Forest
46 43.37945879999999 -80.71110580000001 62 New Hamburg
47 44.31867870000001 -80.64788279999998 85 Markdale
48 45.0 -81.36666699999998 94 Stoke`s Bay
49 45.857853999999996 -82.855147 247 Silver Water
50 46.269929 -81.88376099999998 151 Webbwood
51 44.30088129999999 -79.6114973 179 Innisfil
52 42.741924 -80.57767100000002 234 Langton
53 47.593853 -82.756869 100 Sultan
54 43.63188100000001 -79.929863 126 Stewarttown
55 42.0355591 -82.918148 20 Harrow
56 44.709294 -75.51897199999998 39 Prescott
57 43.972110799999996 -79.13050600000001 214 Claremont
58 46.652064 -80.9463083 243 Hanmer
59 43.220153100000005 -81.8671012 80 Thedford
60 43.4678033 -81.19686569999998 70 Mitchell
61 44.35021629999999 -79.0386639 63 Cannington
62 49.3431571 -82.15413319999998 236 Moonbeam
63 44.114899 -79.56295290000001 64 Bradford West Gwillimbury
64 46.362466999999995 -80.41670490000001 74 St. Charles
65 44.5404573 -78.5463692 120 Bobcaygeon
66 43.14476629999999 -79.368746 182 Jordan
67 42.314445 -82.55373890000001 227 Stoney Point
68 42.8372632 -80.30404240000001 186 Simcoe
69 48.3528205 -89.2663192 2 Fort William First Nation
70 44.1011263 -77.576313 75 Trenton
71 43.369623 -80.837023 250 Shakespeare
72 46.09766279999999 -77.49333969999998 82 Deep River
73 44.10504539999999 -78.944148 195 Port Perry
74 48.6477138 -93.9848425 230 Barwick
75 44.596151 -78.939262 161 Victoria
76 42.739472 -81.34531799999998 112 Shedden
77 45.0212762 -74.730345 128 Cornwall
78 43.4037443 -80.66886720000002 3 Baden
79 45.61988299999999 -79.408748 169 Burk`s Falls
80 43.8655329 -79.31068619999998 171 Unionville
81 42.8848979 -80.1106997 202 Jarvis
82 43.0240705 -79.3622975 60 Fenwick
83 42.90963 -81.3001869 221 Lambeth
84 41.986065 -82.926412 23 Colchester
85 45.2533625 -81.6645411 103 Tobermory
86 44.09986079999999 -79.48742299999998 57 Holland Landing
87 45.25926519999999 -75.357609 209 Russell
88 44.325776 -76.87735500000001 116 Newburgh
89 42.579197 -80.430945 219 Long Point
90 44.8988097 -76.2485592 143 Perth
91 44.5052295 -77.47263629999998 135 Madoc
92 44.192768 -78.057677 65 Roseneath
93 44.75 -80.06666700000001 91 Lafontaine
94 46.06821129999999 -81.7776902 6 Birch Island
95 45.82665129999999 -77.11088259999998 133 Pembroke
96 45.4347445 -76.3518469 41 Arnprior
97 42.8418468 -82.46173639999998 25 Mooretown
98 48.716744 -86.38219559999999 61 Marathon
99 46.3396694 -79.79029440000001 231 Nipissing First Nation
100 44.409379 -78.831645 33 Cambray
101 46.386304700000004 -79.2569657 52 Redbridge
102 47.65 -80.766667 34 Gowganda
103 42.2932234 -82.71171640000001 184 Belle River
104 49.783660999999995 -94.442702 159 Jaffray Melick
105 43.217351 -81.069587 163 Uniondale
106 43.9631607 -78.9571069 149 Brooklin
107 44.453256700000004 -78.64215109999998 178 Dunsford
108 45.550852299999995 -75.280351 84 Clarence-Rockland
109 44.995666299999996 -78.0147032 139 Cardiff
110 46.194795899999995 -82.34227790000001 111 Spanish
111 45.9776382 -80.55331420000002 37 Henvey Inlet First Nation
112 45.508593 -76.93843199999998 201 Douglas
113 43.9345347 -78.60003359999999 215 Clarington
114 42.5701997 -82.50775929999998 66 Ojibways of Walpole Island Fir
115 44.371583 -76.77027509999999 81 Yarker
116 45.056331 -78.07790399999998 14 Deer Lake
117 42.815939 -81.55346999999998 142 Melbourne
118 44.96228199999999 -76.983946 190 Plevna
119 43.2177791 -79.98728349999998 40 Ancaster
120 45.073258100000004 -75.36307860000002 97 Winchester
121 49.619645 -86.13274799999999 58 Caramat
122 45.27564599999999 -75.27541099999998 245 Embrun
123 44.31468599999999 -79.20273300000002 199 Pefferlaw
124 43.761537700000005 -79.41107939999998 104 North York
125 46.1292653 -80.42538540000001 208 Noelville
126 42.974536 -82.4065901 174 Sarnia
127 43.9491784 -78.2934468 101 Port Hope
128 42.296387 -83.06987 88 Sandwich
129 46.4849924 -84.07005579999998 177 Echo Bay
130 44.167665 -80.393568 217 Dundalk
131 45.8982631 -77.2828772 181 Petawawa
132 45.2340408 -75.47182790000001 153 Metcalfe
133 42.955420000000004 -81.62323330000002 223 Strathroy
134 44.2830231 -79.8943637 238 Borden
135 43.093452 -82.00256259999998 136 Forest
136 42.8190627 -82.46793939999998 194 Courtright
137 44.47933099999999 -75.884855 216 Mallorytown
138 43.303253999999995 -80.62156999999998 16 Plattsville
139 44.11098579999999 -79.5794265 244 Bradford
140 43.16032389999999 -79.10404319999998 224 St. Davids
141 49.780093799999996 -92.83695920000001 43 Dryden
142 43.887947600000004 -81.3116601 241 Wingham
143 44.482946999999996 -77.68210599999998 127 Marmora
144 42.833673 -79.931837 232 Selkirk
145 43.053042 -82.09332599999998 35 Aberarder
146 44.19539880000001 -77.04873289999998 218 Deseronto
147 45.116667 -78.6 155 West Guilford
148 44.0050203 -77.88823040000003 87 Colborne
149 43.683715 -80.43054269999998 59 Elora
150 44.6361691 -75.61185569999998 99 Maitland
151 46.55469 -80.86143100000001 79 Garson
152 42.80907 -80.08228299999998 183 Nanticoke
153 42.17637999999999 -82.964381 11 Paquette Corner
154 43.1556566 -80.90106270000003 191 Embro
155 42.1308219 -82.74473689999998 132 Cottam
156 46.352896 -81.33387990000001 118 Walden
157 48.079607 -84.549258 144 Hawk Junction
158 45.045479 -78.69838399999998 109 Carnarvon
159 43.537298 -80.167828 137 Arkell
160 49.0157351 -88.268316 42 Nipigon
161 42.3117966 -82.88575920000001 18 Tecumseh
162 42.230538200000005 -82.5519547 145 Comber
163 42.926482899999996 -80.60338209999998 124 Otterville
164 45.66524099999999 -79.643979 187 Magnetawan
165 42.9096845 -81.49586009999999 207 Mount Brydges
166 44.474728000000006 -77.310249 188 Tweed
167 46.454695 -80.41645 113 Warren
168 43.6956787 -79.45035440000001 26 York
169 48.61912 -93.672267 134 Devlin
170 46.0807239 -79.368324 156 Powassan
171 49.41082979999999 -94.0958688 29 Nestor Falls
172 45.016543 -79.615314 108 Bala
173 44.89778889999999 -75.1833966 200 Morrisburg
174 43.178351899999996 -81.9987745 235 Chippewas of Kettle/Stony Poin
175 43.992634 -78.023383 69 Grafton
176 45.6071264 -74.60418899999998 77 Hawkesbury
177 44.2577799 -79.18403599999998 53 Udora
178 43.4516395 -80.49253370000001 55 Kitchener
179 48.14971729999999 -80.03151700000001 46 Kirkland Lake
180 44.05918700000001 -79.46125599999998 78 Newmarket
181 45.73572539999999 -76.8631085 229 Beachburg
182 42.31736009999999 -81.8470973 248 Rondeau
183 45.116673999999996 -79.57537599999998 189 Port Carling
184 42.603778999999996 -81.60665300000001 165 West Lorne
185 43.646987 -80.017663 117 Halton Hills
186 45.310704799999996 -75.0893653 198 Casselman
187 46.278529999999996 -83.22259199999998 162 Iron Bridge
188 49.41082979999999 -94.0958688 38 Sioux Narrows
189 44.360296999999996 -77.59213369999998 15 Stirling
190 44.5895244 -75.68428580000001 119 Brockville
191 44.5690305 -80.94056020000001 125 Owen Sound
192 51.0145968 -93.828916 5 Red Lake
193 43.2272182 -79.71955859999998 95 Stoney Creek
194 43.97722 -78.61680199999998 211 Orono
195 43.705952200000006 -80.37783359999999 102 Fergus
196 44.4057559 -76.01826179999998 1 Lansdowne
197 44.201281200000004 -77.5959798 50 Frankford
198 45.7690306 -79.39638670000001 210 Sundridge
199 43.3247102 -79.90303709999998 150 Waterdown
200 42.814509 -82.28178740000001 54 Brigden
201 49.815079 -93.003948 158 Oxdrift
202 48.380895100000004 -89.2476823 17 Thunder Bay
203 45.539935 -77.1010788 206 Eganville
204 43.08955770000001 -79.0849436 140 Niagara Falls
205 44.37167120000001 -80.85438470000001 9 Chatsworth
206 42.702461 -81.07879390000001 172 Sparta
207 48.243889 -82.439722 96 Foleyet
208 43.912604200000004 -78.688019 130 Bowmanville
209 43.004923100000006 -79.48191229999998 76 Wellandport
210 44.3095848 -77.95675959999998 138 Hastings
211 42.66413529999999 -81.21563290000002 180 Port Stanley
212 49.6859305 -87.5300824 106 Jellicoe
213 45.841037799999995 -79.37957279999998 205 South River
214 44.53701969999999 -78.7361328 93 Fenelon Falls
215 43.1389731 -81.0301867 131 Kintore
216 43.532205700000006 -80.7657804 168 Wellesley
217 46.454695 -80.41645 31 Markstay
218 43.424376099999996 -80.30181069999998 67 Hespeler
219 42.101377899999996 -83.10869770000001 51 Amherstburg
220 45.22556549999999 -76.19405979999998 115 Almonte
221 43.7764258 -79.2317521 123 Scarborough
222 42.655559100000005 -81.7554017 157 Wardsville
223 43.025258799999996 -80.37516819999998 90 Scotland
224 42.8813217 -81.08754119999998 170 Belmont
225 44.629847999999996 -77.99911999999998 204 Nephton
226 48.767981400000004 -80.67316650000001 13 Iroquois Falls
227 43.919978799999996 -80.0943113 167 Orangeville
228 44.175295399999996 -81.6365715 19 Kincardine
229 48.54833499999999 -89.785088 122 Glen Water
230 49.21221920000001 -84.7714443 152 Hornepayne
231 44.175168000000006 -77.30447 160 Thurlow
232 45.59655009999999 -80.3845462 239 Pointe au Baril
233 43.581508299999996 -80.72844350000001 141 Linwood
234 46.02686 -79.719627 36 Restoule
235 50.23748699999999 -90.7007 148 Savant Lake
236 43.7334165 -80.95146980000001 121 Listowel
237 49.974483 -94.39093100000001 228 Redditt
238 44.330618 -76.16186400000001 220 Gananoque
239 49.78166599999999 -86.534706 114 Long Lac
240 48.694917700000005 -93.0030097 21 Bear`s Passage
DEMAND_SECTION
1 0 68 Bright
2 79 73 Inverary
3 1192 98 Gormley
4 789 173 Gooderham
5 1166 154 Paris
6 345 22 Bruce Mines
7 1131 7 Thorne
8 1155 212 Dunnville
9 421 225 Spencerville
10 655 147 Rolphton
11 1692 10 Ayr
12 1356 8 Lincoln
13 1074 105 Gogama
14 1725 56 L`Orignal
15 539 24 East York
16 1017 146 Meaford
17 501 48 Whitefish River First Nation
18 1792 193 Alderville First Nation
19 982 242 Perrault Falls
20 412 196 Camlachie
21 1855 233 Lion`s Head
22 500 164 Auburn
23 1360 92 Chelmsford
24 1330 4 Kaministiquia
25 759 246 Massey
26 932 213 Christian Island
27 1159 30 Alexandria
28 345 240 Hemlo
29 524 107 Alfred
30 995 129 Muskoka Falls
31 1600 83 Woodbridge
32 1073 192 Calabogie
33 1634 222 Oakville
34 1358 47 Vankleek Hill
35 26 197 Apsley
36 771 249 Newtonville
37 1506 72 Chapleau
38 1085 110 Charlton
39 1496 175 Tamworth
40 1663 203 Courtice
41 1845 49 Hamilton
42 355 45 Ailsa Craig
43 295 185 London
44 1796 176 Arthur
45 146 44 Mount Forest
46 1310 62 New Hamburg
47 100 85 Markdale
48 1830 94 Stoke`s Bay
49 1764 247 Silver Water
50 954 151 Webbwood
51 1617 179 Innisfil
52 63 234 Langton
53 1628 100 Sultan
54 821 126 Stewarttown
55 684 20 Harrow
56 1199 39 Prescott
57 1254 214 Claremont
58 1100 243 Hanmer
59 497 80 Thedford
60 1558 70 Mitchell
61 1703 63 Cannington
62 1561 236 Moonbeam
63 687 64 Bradford West Gwillimbury
64 535 74 St. Charles
65 238 120 Bobcaygeon
66 708 182 Jordan
67 625 227 Stoney Point
68 30 186 Simcoe
69 992 2 Fort William First Nation
70 539 75 Trenton
71 1135 250 Shakespeare
72 1230 82 Deep River
73 442 195 Port Perry
74 604 230 Barwick
75 1163 161 Victoria
76 110 112 Shedden
77 1134 128 Cornwall
78 845 3 Baden
79 790 169 Burk`s Falls
80 906 171 Unionville
81 1860 202 Jarvis
82 197 60 Fenwick
83 1477 221 Lambeth
84 317 23 Colchester
85 991 103 Tobermory
86 34 57 Holland Landing
87 1127 209 Russell
88 1635 116 Newburgh
89 878 219 Long Point
90 1123 143 Perth
91 669 135 Madoc
92 549 65 Roseneath
93 227 91 Lafontaine
94 117 6 Birch Island
95 1412 133 Pembroke
96 472 41 Arnprior
97 1742 25 Mooretown
98 311 61 Marathon
99 1774 231 Nipissing First Nation
100 1868 33 Cambray
101 329 52 Redbridge
102 245 34 Gowganda
103 396 184 Belle River
104 1119 159 Jaffray Melick
105 599 163 Uniondale
106 746 149 Brooklin
107 374 178 Dunsford
108 537 84 Clarence-Rockland
109 1249 139 Cardiff
110 930 111 Spanish
111 1720 37 Henvey Inlet First Nation
112 1262 201 Douglas
113 1353 215 Clarington
114 878 66 Ojibways of Walpole Island Fir
115 871 81 Yarker
116 1487 14 Deer Lake
117 1590 142 Melbourne
118 119 190 Plevna
119 447 40 Ancaster
120 227 97 Winchester
121 1380 58 Caramat
122 61 245 Embrun
123 468 199 Pefferlaw
124 196 104 North York
125 1508 208 Noelville
126 1097 174 Sarnia
127 204 101 Port Hope
128 1752 88 Sandwich
129 1046 177 Echo Bay
130 236 217 Dundalk
131 1887 181 Petawawa
132 903 153 Metcalfe
133 1185 223 Strathroy
134 1521 238 Borden
135 627 136 Forest
136 1317 194 Courtright
137 369 216 Mallorytown
138 1559 16 Plattsville
139 603 244 Bradford
140 1055 224 St. Davids
141 1423 43 Dryden
142 1290 241 Wingham
143 1087 127 Marmora
144 1038 232 Selkirk
145 1491 35 Aberarder
146 1043 218 Deseronto
147 1262 155 West Guilford
148 1373 87 Colborne
149 816 59 Elora
150 514 99 Maitland
151 1339 79 Garson
152 1084 183 Nanticoke
153 1165 11 Paquette Corner
154 905 191 Embro
155 1375 132 Cottam
156 85 118 Walden
157 883 144 Hawk Junction
158 1727 109 Carnarvon
159 980 137 Arkell
160 268 42 Nipigon
161 637 18 Tecumseh
162 142 145 Comber
163 1789 124 Otterville
164 115 187 Magnetawan
165 1892 207 Mount Brydges
166 310 188 Tweed
167 90 113 Warren
168 1583 26 York
169 1093 134 Devlin
170 894 156 Powassan
171 1121 29 Nestor Falls
172 862 108 Bala
173 1785 200 Morrisburg
174 315 235 Chippewas of Kettle/Stony Poin
175 832 69 Grafton
176 1469 77 Hawkesbury
177 325 53 Udora
178 1459 55 Kitchener
179 1063 46 Kirkland Lake
180 1256 78 Newmarket
181 1388 229 Beachburg
182 3 248 Rondeau
183 410 189 Port Carling
184 1170 165 West Lorne
185 1366 117 Halton Hills
186 582 198 Casselman
187 633 162 Iron Bridge
188 303 38 Sioux Narrows
189 1268 15 Stirling
190 1596 119 Brockville
191 958 125 Owen Sound
192 1146 5 Red Lake
193 139 95 Stoney Creek
194 868 211 Orono
195 810 102 Fergus
196 671 1 Lansdowne
197 228 50 Frankford
198 840 210 Sundridge
199 878 150 Waterdown
200 57 54 Brigden
201 115 158 Oxdrift
202 214 17 Thunder Bay
203 1399 206 Eganville
204 238 140 Niagara Falls
205 1203 9 Chatsworth
206 494 172 Sparta
207 23 96 Foleyet
208 1023 130 Bowmanville
209 778 76 Wellandport
210 818 138 Hastings
211 1694 180 Port Stanley
212 110 106 Jellicoe
213 1400 205 South River
214 548 93 Fenelon Falls
215 990 131 Kintore
216 498 168 Wellesley
217 551 31 Markstay
218 1014 67 Hespeler
219 1835 51 Amherstburg
220 1744 115 Almonte
221 1055 123 Scarborough
222 276 157 Wardsville
223 815 90 Scotland
224 1237 170 Belmont
225 285 204 Nephton
226 32 13 Iroquois Falls
227 1044 167 Orangeville
228 174 19 Kincardine
229 1472 122 Glen Water
230 1724 152 Hornepayne
231 462 160 Thurlow
232 20 239 Pointe au Baril
233 1516 141 Linwood
234 1204 36 Restoule
235 1423 148 Savant Lake
236 1051 121 Listowel
237 68 228 Redditt
238 1125 220 Gananoque
239 746 114 Long Lac
240 191 21 Bear`s Passage
DEPOT_SECTION
1
-1
EOF