NAME : data_3_50
CAPACITY : 2000
DATAFILE : distance_250_cities.csv
NODE_COORD_SECTION
1 43.025258799999996 -80.37516819999998 90 Scotland
2 42.3117966 -82.88575920000001 18 Tecumseh
3 43.9418049 -79.37918559999999 98 Gormley
4 43.581508299999996 -80.72844350000001 141 Linwood
5 46.06821129999999 -81.7776902 6 Birch Island
6 41.986065 -82.926412 23 Colchester
7 49.41082979999999 -94.0958688 29 Nestor Falls
8 43.9345347 -78.60003359999999 215 Clarington
9 43.8655329 -79.31068619999998 171 Unionville
10 44.325776 -76.87735500000001 116 Newburgh
11 46.652064 -80.9463083 243 Hanmer
12 47.593853 -82.756869 100 Sultan
13 42.9035374 -79.61700440000001 212 Dunnville
14 45.508593 -76.93843199999998 201 Douglas
15 44.482946999999996 -77.68210599999998 127 Marmora
16 44.5052295 -77.47263629999998 135 Madoc
17 43.69120059999999 -79.34166379999998 24 East York
18 44.10504539999999 -78.944148 195 Port Perry
19 45.310704799999996 -75.0893653 198 Casselman
20 42.926482899999996 -80.60338209999998 124 Otterville
21 45.550852299999995 -75.280351 84 Clarence-Rockland
22 44.453256700000004 -78.64215109999998 178 Dunsford
23 43.0357119 -82.16231499999998 196 Camlachie
24 45.116673999999996 -79.57537599999998 189 Port Carling
25 46.269929 -81.88376099999998 151 Webbwood
26 48.54833499999999 -89.785088 122 Glen Water
27 42.833673 -79.931837 232 Selkirk
28 44.7528009 -78.08808990000001 197 Apsley
29 45.0212762 -74.730345 128 Cornwall
30 42.101377899999996 -83.10869770000001 51 Amherstburg
31 43.004923100000006 -79.48191229999998 76 Wellandport
32 47.8097064 -79.99752790000001 110 Charlton
33 44.629847999999996 -77.99911999999998 204 Nephton
34 42.5701997 -82.50775929999998 66 Ojibways of Walpole Island Fir
35 49.0157351 -88.268316 42 Nipigon
36 44.371583 -76.77027509999999 81 Yarker
37 43.16032389999999 -79.10404319999998 224 St. Davids
38 45.9776382 -80.55331420000002 37 Henvey Inlet First Nation
39 42.739472 -81.34531799999998 112 Shedden
40 46.577569200000006 -81.1979645 92 Chelmsford
41 42.9849233 -81.2452768 185 London
42 44.11098579999999 -79.5794265 244 Bradford
43 44.1011263 -77.576313 75 Trenton
44 42.8848979 -80.1106997 202 Jarvis
45 44.0050203 -77.88823040000003 87 Colborne
46 47.674490000000006 -81.72342900000001 105 Gogama
47 45.8982631 -77.2828772 181 Petawawa
48 45.045479 -78.69838399999998 109 Carnarvon
49 45.73572539999999 -76.8631085 229 Beachburg
50 44.995666299999996 -78.0147032 139 Cardiff
DEMAND_SECTION
1 0 90 Scotland
2 1236 18 Tecumseh
3 1339 98 Gormley
4 447 141 Linwood
5 510 6 Birch Island
6 1268 23 Colchester
7 1574 29 Nestor Falls
8 280 215 Clarington
9 558 171 Unionville
10 401 116 Newburgh
11 1434 243 Hanmer
12 1242 100 Sultan
13 5 212 Dunnville
14 210 201 Douglas
15 158 127 Marmora
16 1770 135 Madoc
17 1147 24 East York
18 1225 195 Port Perry
19 278 198 Casselman
20 182 124 Otterville
21 619 84 Clarence-Rockland
22 986 178 Dunsford
23 887 196 Camlachie
24 926 189 Port Carling
25 1809 151 Webbwood
26 1101 122 Glen Water
27 202 232 Selkirk
28 193 197 Apsley
29 619 128 Cornwall
30 1816 51 Amherstburg
31 683 76 Wellandport
32 603 110 Charlton
33 1133 204 Nephton
34 620 66 Ojibways of Walpole Island Fir
35 1155 42 Nipigon
36 154 81 Yarker
37 175 224 St. Davids
38 1018 37 Henvey Inlet First Nation
39 866 112 Shedden
40 84 92 Chelmsford
41 179 185 London
42 960 244 Bradford
43 527 75 Trenton
44 712 202 Jarvis
45 935 87 Colborne
46 764 105 Gogama
47 1748 181 Petawawa
48 451 109 Carnarvon
49 1638 229 Beachburg
50 1442 139 Cardiff
DEPOT_SECTION
1
-1
EOF