NAME : data_1_23
CAPACITY : 2000
DATAFILE : distance_toronto.csv
NODE_COORD_SECTION
1 44.1010645 -79.4417811 1 East Gwillimbury
2 44.006479999999996 -79.450396 17 Aurora
3 44.10940280000001 -79.12049979999998 10 Uxbridge
4 43.51829910000001 -79.8774042 18 Milton
5 43.58904520000001 -79.6441198 3 Mississauga
6 43.8970929 -78.86579119999998 19 Oshawa
7 43.897544599999996 -78.94293290000002 7 Whitby
8 43.467517 -79.68766590000001 11 Oakville
9 43.653226000000004 -79.3831843 2 Toronto
10 44.33756899999999 -79.09541 8 Brock
11 43.8561002 -79.3370188 9 Markham
12 43.8828401 -79.4402808 12 Richmond Hill
13 44.2311717 -76.48595440000001 5 Kingston
14 43.9345347 -78.60003359999999 6 Clarington
15 43.7315479 -79.7624177 14 Brampton
16 43.83841169999999 -79.08675790000001 4 Pickering
17 43.85085529999999 -79.02037320000001 13 Ajax
18 43.646987 -80.017663 16 Halton Hills
19 43.8363372 -79.87448359999998 23 Caledon
20 44.05918700000001 -79.46125599999998 22 Newmarket
21 43.3255196 -79.7990319 15 Burlington
22 44.296296000000005 -79.43623199999998 20 Georgina
23 43.8563158 -79.5085383 21 Vaughan
DEMAND_SECTION
1 0 1 East Gwillimbury
2 749 17 Aurora
3 1237 10 Uxbridge
4 655 18 Milton
5 1810 3 Mississauga
6 518 19 Oshawa
7 730 7 Whitby
8 155 11 Oakville
9 1710 2 Toronto
10 1873 8 Brock
11 1337 9 Markham
12 577 12 Richmond Hill
13 185 5 Kingston
14 1127 6 Clarington
15 529 14 Brampton
16 624 4 Pickering
17 1568 13 Ajax
18 1148 16 Halton Hills
19 1781 23 Caledon
20 416 22 Newmarket
21 1379 15 Burlington
22 436 20 Georgina
23 675 21 Vaughan
DEPOT_SECTION
1
-1
EOF