NAME : data_3_96
CAPACITY : 2000
DATAFILE : distance_250_cities.csv
NODE_COORD_SECTION
1 43.424376099999996 -80.30181069999998 67 Hespeler
2 45.841037799999995 -79.37957279999998 205 South River
3 42.1308219 -82.74473689999998 132 Cottam
4 43.1940203 -80.3844996 154 Paris
5 51.0145968 -93.828916 5 Red Lake
6 43.303253999999995 -80.62156999999998 16 Plattsville
7 43.2854723 -80.4507835 10 Ayr
8 48.694917700000005 -93.0030097 21 Bear`s Passage
9 46.194795899999995 -82.34227790000001 111 Spanish
10 43.217351 -81.069587 163 Uniondale
11 42.5701997 -82.50775929999998 66 Ojibways of Walpole Island Fir
12 46.7006328 -79.10233889999998 7 Thorne
13 44.19539880000001 -77.04873289999998 218 Deseronto
14 49.41082979999999 -94.0958688 29 Nestor Falls
15 44.4057559 -76.01826179999998 1 Lansdowne
16 44.89778889999999 -75.1833966 200 Morrisburg
17 48.61912 -93.672267 134 Devlin
18 42.955420000000004 -81.62323330000002 223 Strathroy
19 44.35021629999999 -79.0386639 63 Cannington
20 43.14476629999999 -79.368746 182 Jordan
21 44.5895244 -75.68428580000001 119 Brockville
22 45.056331 -78.07790399999998 14 Deer Lake
23 45.016543 -79.615314 108 Bala
24 43.27144699999999 -80.65787399999998 68 Bright
25 45.539935 -77.1010788 206 Eganville
26 46.3396694 -79.79029440000001 231 Nipissing First Nation
27 49.0157351 -88.268316 42 Nipigon
28 44.596151 -78.939262 161 Victoria
29 45.8982631 -77.2828772 181 Petawawa
30 44.37167120000001 -80.85438470000001 9 Chatsworth
31 42.739472 -81.34531799999998 112 Shedden
32 48.6477138 -93.9848425 230 Barwick
33 42.314445 -82.55373890000001 227 Stoney Point
34 49.619645 -86.13274799999999 58 Caramat
35 42.8418468 -82.46173639999998 25 Mooretown
36 43.646987 -80.017663 117 Halton Hills
37 45.73572539999999 -76.8631085 229 Beachburg
38 45.3111798 -74.63671579999998 30 Alexandria
39 46.362466999999995 -80.41670490000001 74 St. Charles
40 44.175295399999996 -81.6365715 19 Kincardine
41 42.9096845 -81.49586009999999 207 Mount Brydges
42 44.175168000000006 -77.30447 160 Thurlow
43 42.66413529999999 -81.21563290000002 180 Port Stanley
44 43.8655329 -79.31068619999998 171 Unionville
45 45.116667 -78.6 155 West Guilford
46 43.761537700000005 -79.41107939999998 104 North York
47 46.55469 -80.86143100000001 79 Garson
48 42.8848979 -80.1106997 202 Jarvis
49 44.31468599999999 -79.20273300000002 199 Pefferlaw
50 43.705952200000006 -80.37783359999999 102 Fergus
51 42.9035374 -79.61700440000001 212 Dunnville
52 42.655559100000005 -81.7554017 157 Wardsville
53 42.31736009999999 -81.8470973 248 Rondeau
54 48.716744 -86.38219559999999 61 Marathon
55 43.178351899999996 -81.9987745 235 Chippewas of Kettle/Stony Poin
56 49.815079 -93.003948 158 Oxdrift
57 42.0355591 -82.918148 20 Harrow
58 43.912604200000004 -78.688019 130 Bowmanville
59 46.454695 -80.41645 113 Warren
60 45.66524099999999 -79.643979 187 Magnetawan
61 45.619268100000006 -74.6928116 56 L`Orignal
62 45.4347445 -76.3518469 41 Arnprior
63 44.167665 -80.393568 217 Dundalk
64 44.474728000000006 -77.310249 188 Tweed
65 48.683333000000005 -85.983333 240 Hemlo
66 43.7761753 -79.60924299999998 83 Woodbridge
67 49.41082979999999 -94.0958688 38 Sioux Narrows
68 43.255720600000004 -79.87110240000001 49 Hamilton
69 44.09986079999999 -79.48742299999998 57 Holland Landing
70 48.380895100000004 -89.2476823 17 Thunder Bay
71 43.69120059999999 -79.34166379999998 24 East York
72 44.995666299999996 -78.0147032 139 Cardiff
73 45.27564599999999 -75.27541099999998 245 Embrun
74 44.10504539999999 -78.944148 195 Port Perry
75 45.0212762 -74.730345 128 Cornwall
76 43.1556566 -80.90106270000003 191 Embro
77 43.2177791 -79.98728349999998 40 Ancaster
78 48.243889 -82.439722 96 Foleyet
79 44.96228199999999 -76.983946 190 Plevna
80 45.857853999999996 -82.855147 247 Silver Water
81 44.482946999999996 -77.68210599999998 127 Marmora
82 45.2340408 -75.47182790000001 153 Metcalfe
83 46.352896 -81.33387990000001 118 Walden
84 44.388594 -76.47323399999998 73 Inverary
85 44.709294 -75.51897199999998 39 Prescott
86 42.741924 -80.57767100000002 234 Langton
87 43.832919700000005 -80.5378858 176 Arthur
88 46.1292653 -80.42538540000001 208 Noelville
89 45.508593 -76.93843199999998 201 Douglas
90 45.7690306 -79.39638670000001 210 Sundridge
91 42.17637999999999 -82.964381 11 Paquette Corner
92 42.90963 -81.3001869 221 Lambeth
93 41.986065 -82.926412 23 Colchester
94 43.887947600000004 -81.3116601 241 Wingham
95 47.8423282 -83.40261079999998 72 Chapleau
96 44.0050203 -77.88823040000003 87 Colborne
DEMAND_SECTION
1 0 67 Hespeler
2 939 205 South River
3 1 132 Cottam
4 1609 154 Paris
5 1824 5 Red Lake
6 609 16 Plattsville
7 947 10 Ayr
8 107 21 Bear`s Passage
9 1006 111 Spanish
10 984 163 Uniondale
11 876 66 Ojibways of Walpole Island Fir
12 978 7 Thorne
13 1707 218 Deseronto
14 1780 29 Nestor Falls
15 1048 1 Lansdowne
16 1832 200 Morrisburg
17 957 134 Devlin
18 642 223 Strathroy
19 1370 63 Cannington
20 1326 182 Jordan
21 1005 119 Brockville
22 916 14 Deer Lake
23 217 108 Bala
24 1153 68 Bright
25 1372 206 Eganville
26 1631 231 Nipissing First Nation
27 300 42 Nipigon
28 1108 161 Victoria
29 814 181 Petawawa
30 1087 9 Chatsworth
31 291 112 Shedden
32 1348 230 Barwick
33 467 227 Stoney Point
34 843 58 Caramat
35 750 25 Mooretown
36 43 117 Halton Hills
37 1424 229 Beachburg
38 1158 30 Alexandria
39 758 74 St. Charles
40 1881 19 Kincardine
41 1566 207 Mount Brydges
42 1385 160 Thurlow
43 811 180 Port Stanley
44 10 171 Unionville
45 1532 155 West Guilford
46 1361 104 North York
47 1492 79 Garson
48 553 202 Jarvis
49 1617 199 Pefferlaw
50 1180 102 Fergus
51 560 212 Dunnville
52 1042 157 Wardsville
53 652 248 Rondeau
54 748 61 Marathon
55 1794 235 Chippewas of Kettle/Stony Poin
56 1221 158 Oxdrift
57 1317 20 Harrow
58 396 130 Bowmanville
59 748 113 Warren
60 21 187 Magnetawan
61 188 56 L`Orignal
62 93 41 Arnprior
63 1314 217 Dundalk
64 645 188 Tweed
65 704 240 Hemlo
66 1478 83 Woodbridge
67 1048 38 Sioux Narrows
68 1412 49 Hamilton
69 548 57 Holland Landing
70 1468 17 Thunder Bay
71 1601 24 East York
72 1203 139 Cardiff
73 1745 245 Embrun
74 479 195 Port Perry
75 1670 128 Cornwall
76 75 191 Embro
77 467 40 Ancaster
78 1092 96 Foleyet
79 1606 190 Plevna
80 926 247 Silver Water
81 1720 127 Marmora
82 187 153 Metcalfe
83 1444 118 Walden
84 333 73 Inverary
85 1656 39 Prescott
86 85 234 Langton
87 507 176 Arthur
88 646 208 Noelville
89 67 201 Douglas
90 34 210 Sundridge
91 319 11 Paquette Corner
92 1089 221 Lambeth
93 1592 23 Colchester
94 163 241 Wingham
95 853 72 Chapleau
96 1160 87 Colborne
DEPOT_SECTION
1
-1
EOF