NAME : data_3_200
CAPACITY : 2000
DATAFILE : distance_250_cities.csv
NODE_COORD_SECTION
1 44.8316783 -80.203564 213 Christian Island
2 46.300272899999996 -83.79347390000002 22 Bruce Mines
3 44.1011263 -77.576313 75 Trenton
4 44.19539880000001 -77.04873289999998 218 Deseronto
5 45.056331 -78.07790399999998 14 Deer Lake
6 43.705952200000006 -80.37783359999999 102 Fergus
7 42.9035374 -79.61700440000001 212 Dunnville
8 45.539935 -77.1010788 206 Eganville
9 45.0212762 -74.730345 128 Cornwall
10 42.702461 -81.07879390000001 172 Sparta
11 49.815079 -93.003948 158 Oxdrift
12 45.073258100000004 -75.36307860000002 97 Winchester
13 45.116673999999996 -79.57537599999998 189 Port Carling
14 44.371583 -76.77027509999999 81 Yarker
15 44.9922309 -79.297833 129 Muskoka Falls
16 44.6059438 -80.5936871 146 Meaford
17 42.9849233 -81.2452768 185 London
18 42.8418468 -82.46173639999998 25 Mooretown
19 42.579197 -80.430945 219 Long Point
20 48.6477138 -93.9848425 230 Barwick
21 42.5701997 -82.50775929999998 66 Ojibways of Walpole Island Fir
22 44.0050203 -77.88823040000003 87 Colborne
23 49.21221920000001 -84.7714443 152 Hornepayne
24 43.1470282 -81.5337693 45 Ailsa Craig
25 49.41082979999999 -94.0958688 38 Sioux Narrows
26 45.59655009999999 -80.3845462 239 Pointe au Baril
27 50.23748699999999 -90.7007 148 Savant Lake
28 46.1666669 -77.7 147 Rolphton
29 47.674490000000006 -81.72342900000001 105 Gogama
30 42.31736009999999 -81.8470973 248 Rondeau
31 44.5052295 -77.47263629999998 135 Madoc
32 42.739472 -81.34531799999998 112 Shedden
33 45.6071264 -74.60418899999998 77 Hawkesbury
34 44.482946999999996 -77.68210599999998 127 Marmora
35 44.167665 -80.393568 217 Dundalk
36 49.974483 -94.39093100000001 228 Redditt
37 45.310704799999996 -75.0893653 198 Casselman
38 46.1292653 -80.42538540000001 208 Noelville
39 43.992634 -78.023383 69 Grafton
40 46.577569200000006 -81.1979645 92 Chelmsford
41 46.386304700000004 -79.2569657 52 Redbridge
42 45.299295 -76.721166 192 Calabogie
43 42.8372632 -80.30404240000001 186 Simcoe
44 45.2533625 -81.6645411 103 Tobermory
45 45.0 -81.36666699999998 94 Stoke`s Bay
46 44.5895244 -75.68428580000001 119 Brockville
47 44.8988097 -76.2485592 143 Perth
48 47.65 -80.766667 34 Gowganda
49 51.0145968 -93.828916 5 Red Lake
50 48.767981400000004 -80.67316650000001 13 Iroquois Falls
51 46.454695 -80.41645 113 Warren
52 42.741924 -80.57767100000002 234 Langton
53 48.14971729999999 -80.03151700000001 46 Kirkland Lake
54 46.09766279999999 -77.49333969999998 82 Deep River
55 43.581508299999996 -80.72844350000001 141 Linwood
56 43.2854723 -80.4507835 10 Ayr
57 46.4849924 -84.07005579999998 177 Echo Bay
58 48.3528205 -89.2663192 2 Fort William First Nation
59 44.192768 -78.057677 65 Roseneath
60 43.2177791 -79.98728349999998 40 Ancaster
61 49.3431571 -82.15413319999998 236 Moonbeam
62 42.603778999999996 -81.60665300000001 165 West Lorne
63 45.519651200000006 -74.6522016 47 Vankleek Hill
64 42.1308219 -82.74473689999998 132 Cottam
65 44.906384 -78.379801 173 Gooderham
66 43.7334165 -80.95146980000001 121 Listowel
67 44.35021629999999 -79.0386639 63 Cannington
68 44.409379 -78.831645 33 Cambray
69 42.8813217 -81.08754119999998 170 Belmont
70 43.1556566 -80.90106270000003 191 Embro
71 43.910935200000004 -78.7884468 203 Courtice
72 43.303253999999995 -80.62156999999998 16 Plattsville
73 46.269929 -81.88376099999998 151 Webbwood
74 44.1728865 -78.0851607 193 Alderville First Nation
75 45.73572539999999 -76.8631085 229 Beachburg
76 42.296387 -83.06987 88 Sandwich
77 44.89778889999999 -75.1833966 200 Morrisburg
78 48.243889 -82.439722 96 Foleyet
79 43.9345347 -78.60003359999999 215 Clarington
80 42.66413529999999 -81.21563290000002 180 Port Stanley
81 43.4516395 -80.49253370000001 55 Kitchener
82 48.380895100000004 -89.2476823 17 Thunder Bay
83 44.175295399999996 -81.6365715 19 Kincardine
84 44.325776 -76.87735500000001 116 Newburgh
85 41.986065 -82.926412 23 Colchester
86 46.212565000000005 -82.07761599999998 246 Massey
87 46.362466999999995 -80.41670490000001 74 St. Charles
88 47.593853 -82.756869 100 Sultan
89 49.619645 -86.13274799999999 58 Caramat
90 42.955420000000004 -81.62323330000002 223 Strathroy
91 44.474728000000006 -77.310249 188 Tweed
92 45.82665129999999 -77.11088259999998 133 Pembroke
93 43.9631607 -78.9571069 149 Brooklin
94 43.646987 -80.017663 117 Halton Hills
95 43.4037443 -80.66886720000002 3 Baden
96 44.47933099999999 -75.884855 216 Mallorytown
97 46.454695 -80.41645 31 Markstay
98 43.4678033 -81.19686569999998 70 Mitchell
99 44.175168000000006 -77.30447 160 Thurlow
100 44.629847999999996 -77.99911999999998 204 Nephton
101 48.532739899999996 -89.585111 4 Kaministiquia
102 43.467517 -79.68766590000001 222 Oakville
103 43.37945879999999 -80.71110580000001 62 New Hamburg
104 43.919978799999996 -80.0943113 167 Orangeville
105 44.75 -80.06666700000001 91 Lafontaine
106 43.093452 -82.00256259999998 136 Forest
107 46.55469 -80.86143100000001 79 Garson
108 45.549331 -74.90319989999998 107 Alfred
109 44.4057559 -76.01826179999998 1 Lansdowne
110 42.3117966 -82.88575920000001 18 Tecumseh
111 43.537298 -80.167828 137 Arkell
112 45.857853999999996 -82.855147 247 Silver Water
113 43.6956787 -79.45035440000001 26 York
114 42.80907 -80.08228299999998 183 Nanticoke
115 43.004923100000006 -79.48191229999998 76 Wellandport
116 43.9418049 -79.37918559999999 98 Gormley
117 42.8190627 -82.46793939999998 194 Courtright
118 44.05918700000001 -79.46125599999998 78 Newmarket
119 44.201281200000004 -77.5959798 50 Frankford
120 42.974536 -82.4065901 174 Sarnia
121 45.61988299999999 -79.408748 169 Burk`s Falls
122 44.2830231 -79.8943637 238 Borden
123 43.7764258 -79.2317521 123 Scarborough
124 44.709294 -75.51897199999998 39 Prescott
125 42.815939 -81.55346999999998 142 Melbourne
126 46.0662089 -81.7751153 48 Whitefish River First Nation
127 44.487744899999996 -76.99518990000001 175 Tamworth
128 43.761537700000005 -79.41107939999998 104 North York
129 44.37167120000001 -80.85438470000001 9 Chatsworth
130 42.0355591 -82.918148 20 Harrow
131 43.0357119 -82.16231499999998 196 Camlachie
132 45.016543 -79.615314 108 Bala
133 43.1940203 -80.3844996 154 Paris
134 43.025258799999996 -80.37516819999998 90 Scotland
135 43.14476629999999 -79.368746 182 Jordan
136 43.69120059999999 -79.34166379999998 24 East York
137 43.8655329 -79.31068619999998 171 Unionville
138 43.0240705 -79.3622975 60 Fenwick
139 46.194795899999995 -82.34227790000001 111 Spanish
140 42.17637999999999 -82.964381 11 Paquette Corner
141 43.424376099999996 -80.30181069999998 67 Hespeler
142 49.41082979999999 -94.0958688 29 Nestor Falls
143 43.27144699999999 -80.65787399999998 68 Bright
144 46.06821129999999 -81.7776902 6 Birch Island
145 48.716744 -86.38219559999999 61 Marathon
146 43.773398 -81.532687 164 Auburn
147 42.655559100000005 -81.7554017 157 Wardsville
148 44.453256700000004 -78.64215109999998 178 Dunsford
149 48.694917700000005 -93.0030097 21 Bear`s Passage
150 45.27564599999999 -75.27541099999998 245 Embrun
151 45.22556549999999 -76.19405979999998 115 Almonte
152 44.31468599999999 -79.20273300000002 199 Pefferlaw
153 45.3111798 -74.63671579999998 30 Alexandria
154 43.912604200000004 -78.688019 130 Bowmanville
155 47.8423282 -83.40261079999998 72 Chapleau
156 42.9096845 -81.49586009999999 207 Mount Brydges
157 43.220153100000005 -81.8671012 80 Thedford
158 45.550852299999995 -75.280351 84 Clarence-Rockland
159 44.843305 -75.546362 225 Spencerville
160 44.96228199999999 -76.983946 190 Plevna
161 42.2932234 -82.71171640000001 184 Belle River
162 44.7528009 -78.08808990000001 197 Apsley
163 45.9776382 -80.55331420000002 37 Henvey Inlet First Nation
164 44.000937500000006 -79.00035489999998 249 Newtonville
165 43.255720600000004 -79.87110240000001 49 Hamilton
166 49.780093799999996 -92.83695920000001 43 Dryden
167 44.388594 -76.47323399999998 73 Inverary
168 43.053042 -82.09332599999998 35 Aberarder
169 42.814509 -82.28178740000001 54 Brigden
170 42.833673 -79.931837 232 Selkirk
171 43.1389731 -81.0301867 131 Kintore
172 45.045479 -78.69838399999998 109 Carnarvon
173 43.97722 -78.61680199999998 211 Orono
174 45.7690306 -79.39638670000001 210 Sundridge
175 48.54833499999999 -89.785088 122 Glen Water
176 45.25926519999999 -75.357609 209 Russell
177 44.5690305 -80.94056020000001 125 Owen Sound
178 47.8097064 -79.99752790000001 110 Charlton
179 49.78166599999999 -86.534706 114 Long Lac
180 45.8982631 -77.2828772 181 Petawawa
181 44.360296999999996 -77.59213369999998 15 Stirling
182 45.841037799999995 -79.37957279999998 205 South River
183 43.7761753 -79.60924299999998 83 Woodbridge
184 43.63188100000001 -79.929863 126 Stewarttown
185 49.6859305 -87.5300824 106 Jellicoe
186 44.31867870000001 -80.64788279999998 85 Markdale
187 45.619268100000006 -74.6928116 56 L`Orignal
188 42.314445 -82.55373890000001 227 Stoney Point
189 42.8848979 -80.1106997 202 Jarvis
190 43.832919700000005 -80.5378858 176 Arthur
191 42.926482899999996 -80.60338209999998 124 Otterville
192 49.783660999999995 -94.442702 159 Jaffray Melick
193 49.0157351 -88.268316 42 Nipigon
194 42.101377899999996 -83.10869770000001 51 Amherstburg
195 46.3396694 -79.79029440000001 231 Nipissing First Nation
196 44.11098579999999 -79.5794265 244 Bradford
197 43.178351899999996 -81.9987745 235 Chippewas of Kettle/Stony Poin
198 43.532205700000006 -80.7657804 168 Wellesley
199 48.683333000000005 -85.983333 240 Hemlo
200 50.343502 -93.149968 242 Perrault Falls
DEMAND_SECTION
1 0 213 Christian Island
2 104 22 Bruce Mines
3 366 75 Trenton
4 682 218 Deseronto
5 362 14 Deer Lake
6 999 102 Fergus
7 1462 212 Dunnville
8 1844 206 Eganville
9 1769 128 Cornwall
10 54 172 Sparta
11 840 158 Oxdrift
12 988 97 Winchester
13 814 189 Port Carling
14 1794 81 Yarker
15 741 129 Muskoka Falls
16 917 146 Meaford
17 1858 185 London
18 362 25 Mooretown
19 1861 219 Long Point
20 5 230 Barwick
21 963 66 Ojibways of Walpole Island Fir
22 1501 87 Colborne
23 820 152 Hornepayne
24 1833 45 Ailsa Craig
25 880 38 Sioux Narrows
26 1541 239 Pointe au Baril
27 1006 148 Savant Lake
28 1698 147 Rolphton
29 1476 105 Gogama
30 1440 248 Rondeau
31 1843 135 Madoc
32 485 112 Shedden
33 272 77 Hawkesbury
34 1812 127 Marmora
35 1622 217 Dundalk
36 1398 228 Redditt
37 272 198 Casselman
38 497 208 Noelville
39 686 69 Grafton
40 1794 92 Chelmsford
41 1225 52 Redbridge
42 1740 192 Calabogie
43 1603 186 Simcoe
44 394 103 Tobermory
45 832 94 Stoke`s Bay
46 514 119 Brockville
47 448 143 Perth
48 580 34 Gowganda
49 477 5 Red Lake
50 865 13 Iroquois Falls
51 160 113 Warren
52 402 234 Langton
53 1314 46 Kirkland Lake
54 1530 82 Deep River
55 1781 141 Linwood
56 1216 10 Ayr
57 899 177 Echo Bay
58 1091 2 Fort William First Nation
59 14 65 Roseneath
60 356 40 Ancaster
61 1758 236 Moonbeam
62 387 165 West Lorne
63 1521 47 Vankleek Hill
64 1136 132 Cottam
65 1597 173 Gooderham
66 1372 121 Listowel
67 1022 63 Cannington
68 702 33 Cambray
69 1438 170 Belmont
70 1456 191 Embro
71 884 203 Courtice
72 620 16 Plattsville
73 130 151 Webbwood
74 1878 193 Alderville First Nation
75 1359 229 Beachburg
76 1247 88 Sandwich
77 1560 200 Morrisburg
78 989 96 Foleyet
79 1464 215 Clarington
80 1340 180 Port Stanley
81 1695 55 Kitchener
82 917 17 Thunder Bay
83 1647 19 Kincardine
84 1437 116 Newburgh
85 269 23 Colchester
86 32 246 Massey
87 1811 74 St. Charles
88 946 100 Sultan
89 43 58 Caramat
90 41 223 Strathroy
91 981 188 Tweed
92 1186 133 Pembroke
93 1562 149 Brooklin
94 692 117 Halton Hills
95 1083 3 Baden
96 975 216 Mallorytown
97 692 31 Markstay
98 1003 70 Mitchell
99 624 160 Thurlow
100 1369 204 Nephton
101 868 4 Kaministiquia
102 654 222 Oakville
103 1174 62 New Hamburg
104 810 167 Orangeville
105 1277 91 Lafontaine
106 620 136 Forest
107 1773 79 Garson
108 1124 107 Alfred
109 1107 1 Lansdowne
110 1399 18 Tecumseh
111 1452 137 Arkell
112 1543 247 Silver Water
113 930 26 York
114 1834 183 Nanticoke
115 1860 76 Wellandport
116 188 98 Gormley
117 38 194 Courtright
118 147 78 Newmarket
119 724 50 Frankford
120 1197 174 Sarnia
121 1777 169 Burk`s Falls
122 709 238 Borden
123 204 123 Scarborough
124 239 39 Prescott
125 961 142 Melbourne
126 421 48 Whitefish River First Nation
127 823 175 Tamworth
128 31 104 North York
129 616 9 Chatsworth
130 895 20 Harrow
131 1129 196 Camlachie
132 1005 108 Bala
133 1777 154 Paris
134 1755 90 Scotland
135 1546 182 Jordan
136 1252 24 East York
137 1256 171 Unionville
138 1881 60 Fenwick
139 302 111 Spanish
140 1884 11 Paquette Corner
141 1383 67 Hespeler
142 1848 29 Nestor Falls
143 420 68 Bright
144 493 6 Birch Island
145 1878 61 Marathon
146 1241 164 Auburn
147 23 157 Wardsville
148 1266 178 Dunsford
149 1681 21 Bear`s Passage
150 778 245 Embrun
151 76 115 Almonte
152 1733 199 Pefferlaw
153 587 30 Alexandria
154 1071 130 Bowmanville
155 1194 72 Chapleau
156 1058 207 Mount Brydges
157 355 80 Thedford
158 164 84 Clarence-Rockland
159 869 225 Spencerville
160 1723 190 Plevna
161 969 184 Belle River
162 578 197 Apsley
163 1360 37 Henvey Inlet First Nation
164 1860 249 Newtonville
165 1573 49 Hamilton
166 1139 43 Dryden
167 299 73 Inverary
168 1340 35 Aberarder
169 800 54 Brigden
170 1453 232 Selkirk
171 1150 131 Kintore
172 835 109 Carnarvon
173 631 211 Orono
174 139 210 Sundridge
175 312 122 Glen Water
176 695 209 Russell
177 1586 125 Owen Sound
178 1362 110 Charlton
179 1239 114 Long Lac
180 43 181 Petawawa
181 1815 15 Stirling
182 538 205 South River
183 707 83 Woodbridge
184 967 126 Stewarttown
185 1121 106 Jellicoe
186 1255 85 Markdale
187 562 56 L`Orignal
188 1441 227 Stoney Point
189 1040 202 Jarvis
190 1117 176 Arthur
191 1592 124 Otterville
192 1730 159 Jaffray Melick
193 663 42 Nipigon
194 75 51 Amherstburg
195 1252 231 Nipissing First Nation
196 1629 244 Bradford
197 1271 235 Chippewas of Kettle/Stony Poin
198 1504 168 Wellesley
199 521 240 Hemlo
200 11 242 Perrault Falls
DEPOT_SECTION
1
-1
EOF