NAME : data_2_96
CAPACITY : 2000
DATAFILE : distance_100_cities.csv
NODE_COORD_SECTION
1 45.316666999999995 -77.516667 14 Palmer Rapids
2 44.903748 -76.02161889999998 85 Smiths Falls
3 45.97191369999999 -81.51149720000001 100 Killarney
4 45.437767 -77.30616490000001 37 Foymount
5 43.3472758 -81.4805653 87 Exeter
6 45.421034000000006 -75.4267251 76 Navan
7 44.4778213 -76.234386 33 Seeleys Bay
8 45.330991 -79.011499 4 Dwight
9 42.712527 -81.310902 83 Fingal
10 43.897544599999996 -78.94293290000002 6 Whitby
11 44.89778889999999 -75.1833966 13 Morrisburg
12 42.037870299999994 -82.7396377 15 Kingsville
13 42.974767 -79.025764 50 Douglastown
14 44.066396000000005 -78.21017599999998 61 Cold Springs
15 46.2451906 -83.41681640000002 55 Thessalon First Nation
16 44.6059438 -80.5936871 3 Meaford
17 45.388496 -74.907358 80 St. Isidore de Prescott
18 43.2470056 -80.78794070000001 46 Tavistock
19 45.0389565 -79.3078787 56 Bracebridge
20 42.908852 -81.00229 28 Harrietsville
21 49.05833089999999 -84.10295959999998 48 Oba
22 44.371583 -76.77027509999999 20 Yarker
23 44.2628301 -79.0663132 22 Sunderland
24 45.172129999999996 -74.967192 49 Avonmore
25 43.215177000000004 -81.36194019999998 69 Lucan
26 46.3091152 -79.4608204 34 North Bay
27 45.2274934 -75.72293119999998 12 Manotick
28 44.28548199999999 -78.859771 82 Little Britain
29 42.9035374 -79.61700440000001 35 Dunnville
30 42.9598903 -80.05228609999999 65 Hagersville
31 49.05008429999999 -90.4716051 92 Upsala
32 42.923365999999994 -79.3757559 63 Wainfleet
33 44.1728865 -78.0851607 42 Alderville First Nation
34 43.26650890000001 -79.9568685 57 Dundas
35 45.2444301 -78.8939439 5 Dorset
36 49.688018400000004 -83.66695519999998 45 Hearst
37 46.73331899999999 -79.8017309 60 Marten River
38 44.1526004 -81.0254145 7 Hanover
39 49.436801 -88.12921290000001 96 Macdiarmid
40 44.175295399999996 -81.6365715 88 Kincardine
41 42.943175399999994 -79.05512329999998 10 Stevensville
42 45.289190500000004 -79.81249249999998 41 Humphrey
43 42.901776399999996 -78.9721745 71 Fort Erie
44 43.360053 -80.30623899999998 9 Galt
45 48.243889 -82.439722 29 Foleyet
46 43.0647528 -79.95507479999998 16 Caledonia
47 47.063373399999996 -79.7895671 53 Temagami
48 45.211059999999996 -79.32926499999998 54 Utterson
49 43.683715 -80.43054269999998 24 Elora
50 44.114899 -79.56295290000001 70 Bradford West Gwillimbury
51 43.61887 -80.144189 19 Rockwood
52 43.1236091 -79.19892990000001 23 Thorold
53 42.217172999999995 -82.801463 93 Pleasant Park
54 42.8190627 -82.46793939999998 59 Courtright
55 47.4463218 -79.6354588 81 Haileybury
56 44.47933099999999 -75.884855 2 Mallorytown
57 42.814509 -82.28178740000001 79 Brigden
58 44.49485429999999 -81.3695635 43 Southampton
59 42.17637999999999 -82.964381 26 Paquette Corner
60 48.683333000000005 -85.983333 8 Hemlo
61 42.7865225 -80.20327790000002 39 Port Dover
62 45.1314849 -75.7161333 86 North Gower
63 45.266667 -79.03333300000001 38 Port Cunnington
64 46.386304700000004 -79.2569657 73 Redbridge
65 44.37167120000001 -80.85438470000001 47 Chatsworth
66 44.3272376 -80.1061859 25 Creemore
67 45.529018 -79.31709599999998 98 Emsdale
68 45.073258100000004 -75.36307860000002 91 Winchester
69 48.133333 -79.583333 66 Virginiatown
70 44.15055 -78.44886770000002 18 Millbrook
71 44.3971855 -78.99527540000001 58 Woodville
72 49.7586397 -94.5565844 95 Keewatin
73 43.467517 -79.68766590000001 40 Oakville
74 49.097745 -94.315207 68 Morson
75 44.5052295 -77.47263629999998 32 Madoc
76 44.175168000000006 -77.30447 74 Thurlow
77 45.4882068 -77.67880509999998 51 Barry`s Bay
78 43.814255200000005 -79.424025 64 Thornhill
79 47.395330200000004 -79.6860815 44 Cobalt
80 44.781667999999996 -78.65149699999998 99 Kinmount
81 43.037222 -79.328764 31 Pelham
82 48.767981400000004 -80.67316650000001 36 Iroquois Falls
83 43.669327100000004 -81.017763 17 Atwood
84 45.310704799999996 -75.0893653 11 Casselman
85 42.5926445 -82.38825290000003 75 Wallaceburg
86 43.1690076 -79.0574436 67 Queenston
87 43.313039700000004 -81.75622419999998 62 Grand Bend
88 43.2177791 -79.98728349999998 94 Ancaster
89 42.927684899999996 -79.87619699999998 72 Haldimand
90 43.5534346 -81.39340490000001 78 Seaforth
91 44.14026399999999 -79.453227 90 Queensville
92 44.4820219 -81.14678190000001 21 Tara
93 44.079161600000006 -79.78431499999998 52 Beeton
94 44.0597897 -80.7598221 89 Holstein
95 42.66413529999999 -81.21563290000002 1 Port Stanley
96 44.06373 -77.00655990000001 84 Adolphustown
DEMAND_SECTION
1 0 14 Palmer Rapids
2 517 85 Smiths Falls
3 1844 100 Killarney
4 716 37 Foymount
5 134 87 Exeter
6 907 76 Navan
7 1049 33 Seeleys Bay
8 356 4 Dwight
9 650 83 Fingal
10 122 6 Whitby
11 1181 13 Morrisburg
12 638 15 Kingsville
13 797 50 Douglastown
14 1557 61 Cold Springs
15 892 55 Thessalon First Nation
16 693 3 Meaford
17 350 80 St. Isidore de Prescott
18 1272 46 Tavistock
19 1773 56 Bracebridge
20 1132 28 Harrietsville
21 495 48 Oba
22 779 20 Yarker
23 591 22 Sunderland
24 1641 49 Avonmore
25 457 69 Lucan
26 292 34 North Bay
27 847 12 Manotick
28 1806 82 Little Britain
29 1724 35 Dunnville
30 47 65 Hagersville
31 478 92 Upsala
32 1162 63 Wainfleet
33 1181 42 Alderville First Nation
34 440 57 Dundas
35 131 5 Dorset
36 48 45 Hearst
37 750 60 Marten River
38 1378 7 Hanover
39 217 96 Macdiarmid
40 1153 88 Kincardine
41 1471 10 Stevensville
42 887 41 Humphrey
43 906 71 Fort Erie
44 1181 9 Galt
45 896 29 Foleyet
46 526 16 Caledonia
47 1353 53 Temagami
48 1395 54 Utterson
49 1604 24 Elora
50 640 70 Bradford West Gwillimbury
51 705 19 Rockwood
52 1889 23 Thorold
53 1170 93 Pleasant Park
54 1406 59 Courtright
55 957 81 Haileybury
56 764 2 Mallorytown
57 1634 79 Brigden
58 1405 43 Southampton
59 1399 26 Paquette Corner
60 1058 8 Hemlo
61 1889 39 Port Dover
62 798 86 North Gower
63 1595 38 Port Cunnington
64 661 73 Redbridge
65 1775 47 Chatsworth
66 1524 25 Creemore
67 1288 98 Emsdale
68 983 91 Winchester
69 1054 66 Virginiatown
70 578 18 Millbrook
71 34 58 Woodville
72 445 95 Keewatin
73 1421 40 Oakville
74 1244 68 Morson
75 1284 32 Madoc
76 200 74 Thurlow
77 1640 51 Barry`s Bay
78 1788 64 Thornhill
79 419 44 Cobalt
80 1340 99 Kinmount
81 564 31 Pelham
82 1056 36 Iroquois Falls
83 1244 17 Atwood
84 1046 11 Casselman
85 538 75 Wallaceburg
86 46 67 Queenston
87 342 62 Grand Bend
88 681 94 Ancaster
89 676 72 Haldimand
90 868 78 Seaforth
91 1675 90 Queensville
92 1641 21 Tara
93 1342 52 Beeton
94 516 89 Holstein
95 14 1 Port Stanley
96 328 84 Adolphustown
DEPOT_SECTION
1
-1
EOF