NAME : data_3_23
CAPACITY : 400
DATAFILE : distance_250_cities.csv
NODE_COORD_SECTION
1 48.243889 -82.439722 96 Foleyet
2 43.0240705 -79.3622975 60 Fenwick
3 44.596151 -78.939262 161 Victoria
4 42.0355591 -82.918148 20 Harrow
5 44.995666299999996 -78.0147032 139 Cardiff
6 46.652064 -80.9463083 243 Hanmer
7 44.75 -80.06666700000001 91 Lafontaine
8 44.330618 -76.16186400000001 220 Gananoque
9 43.303253999999995 -80.62156999999998 16 Plattsville
10 50.23748699999999 -90.7007 148 Savant Lake
11 43.025258799999996 -80.37516819999998 90 Scotland
12 44.5052295 -77.47263629999998 135 Madoc
13 46.1666669 -77.7 147 Rolphton
14 42.9096845 -81.49586009999999 207 Mount Brydges
15 46.02686 -79.719627 36 Restoule
16 42.955420000000004 -81.62323330000002 223 Strathroy
17 45.310704799999996 -75.0893653 198 Casselman
18 46.278529999999996 -83.22259199999998 162 Iron Bridge
19 44.482946999999996 -77.68210599999998 127 Marmora
20 44.388594 -76.47323399999998 73 Inverary
21 44.0050203 -77.88823040000003 87 Colborne
22 48.683333000000005 -85.983333 240 Hemlo
23 42.8813217 -81.08754119999998 170 Belmont
DEMAND_SECTION
1 0 96 Foleyet
2 9 60 Fenwick
3 296 161 Victoria
4 236 20 Harrow
5 101 139 Cardiff
6 250 243 Hanmer
7 11 91 Lafontaine
8 8 220 Gananoque
9 99 16 Plattsville
10 22 148 Savant Lake
11 56 90 Scotland
12 172 135 Madoc
13 298 147 Rolphton
14 43 207 Mount Brydges
15 173 36 Restoule
16 171 223 Strathroy
17 152 198 Casselman
18 278 162 Iron Bridge
19 10 127 Marmora
20 221 73 Inverary
21 156 87 Colborne
22 186 240 Hemlo
23 21 170 Belmont
DEPOT_SECTION
1
-1
EOF