NAME : data_2_50
CAPACITY : 2000
DATAFILE : distance_100_cities.csv
NODE_COORD_SECTION
1 44.3272376 -80.1061859 25 Creemore
2 49.097745 -94.315207 68 Morson
3 42.712527 -81.310902 83 Fingal
4 45.266667 -79.03333300000001 38 Port Cunnington
5 44.06373 -77.00655990000001 84 Adolphustown
6 44.175168000000006 -77.30447 74 Thurlow
7 45.97191369999999 -81.51149720000001 100 Killarney
8 43.814255200000005 -79.424025 64 Thornhill
9 43.215177000000004 -81.36194019999998 69 Lucan
10 46.386304700000004 -79.2569657 73 Redbridge
11 49.7586397 -94.5565844 95 Keewatin
12 42.927684899999996 -79.87619699999998 72 Haldimand
13 42.66413529999999 -81.21563290000002 1 Port Stanley
14 44.3971855 -78.99527540000001 58 Woodville
15 46.2451906 -83.41681640000002 55 Thessalon First Nation
16 49.688018400000004 -83.66695519999998 45 Hearst
17 45.421034000000006 -75.4267251 76 Navan
18 44.49485429999999 -81.3695635 43 Southampton
19 48.133333 -79.583333 66 Virginiatown
20 47.4463218 -79.6354588 81 Haileybury
21 43.5534346 -81.39340490000001 78 Seaforth
22 44.903748 -76.02161889999998 85 Smiths Falls
23 42.901776399999996 -78.9721745 71 Fort Erie
24 42.5926445 -82.38825290000003 75 Wallaceburg
25 42.943175399999994 -79.05512329999998 10 Stevensville
26 45.1314849 -75.7161333 86 North Gower
27 44.28548199999999 -78.859771 82 Little Britain
28 44.37167120000001 -80.85438470000001 47 Chatsworth
29 43.313039700000004 -81.75622419999998 62 Grand Bend
30 44.1526004 -81.0254145 7 Hanover
31 48.767981400000004 -80.67316650000001 36 Iroquois Falls
32 45.172129999999996 -74.967192 49 Avonmore
33 45.310704799999996 -75.0893653 11 Casselman
34 43.897544599999996 -78.94293290000002 6 Whitby
35 42.9035374 -79.61700440000001 35 Dunnville
36 44.175295399999996 -81.6365715 88 Kincardine
37 44.0597897 -80.7598221 89 Holstein
38 45.529018 -79.31709599999998 98 Emsdale
39 49.05833089999999 -84.10295959999998 48 Oba
40 45.4882068 -77.67880509999998 51 Barry`s Bay
41 45.330991 -79.011499 4 Dwight
42 44.114899 -79.56295290000001 70 Bradford West Gwillimbury
43 43.2470056 -80.78794070000001 46 Tavistock
44 45.437767 -77.30616490000001 37 Foymount
45 44.066396000000005 -78.21017599999998 61 Cold Springs
46 44.079161600000006 -79.78431499999998 52 Beeton
47 43.360053 -80.30623899999998 9 Galt
48 42.974767 -79.025764 50 Douglastown
49 42.217172999999995 -82.801463 93 Pleasant Park
50 42.17637999999999 -82.964381 26 Paquette Corner
DEMAND_SECTION
1 0 25 Creemore
2 1424 68 Morson
3 1118 83 Fingal
4 1112 38 Port Cunnington
5 1689 84 Adolphustown
6 1611 74 Thurlow
7 730 100 Killarney
8 815 64 Thornhill
9 1835 69 Lucan
10 42 73 Redbridge
11 55 95 Keewatin
12 1478 72 Haldimand
13 615 1 Port Stanley
14 221 58 Woodville
15 1043 55 Thessalon First Nation
16 66 45 Hearst
17 1423 76 Navan
18 1045 43 Southampton
19 1750 66 Virginiatown
20 1411 81 Haileybury
21 212 78 Seaforth
22 1705 85 Smiths Falls
23 1593 71 Fort Erie
24 1548 75 Wallaceburg
25 1573 10 Stevensville
26 750 86 North Gower
27 456 82 Little Britain
28 341 47 Chatsworth
29 1619 62 Grand Bend
30 1175 7 Hanover
31 1721 36 Iroquois Falls
32 1228 49 Avonmore
33 1455 11 Casselman
34 274 6 Whitby
35 197 35 Dunnville
36 1156 88 Kincardine
37 197 89 Holstein
38 978 98 Emsdale
39 954 48 Oba
40 1133 51 Barry`s Bay
41 3 4 Dwight
42 266 70 Bradford West Gwillimbury
43 1442 46 Tavistock
44 799 37 Foymount
45 1468 61 Cold Springs
46 955 52 Beeton
47 1771 9 Galt
48 1338 50 Douglastown
49 552 93 Pleasant Park
50 873 26 Paquette Corner
DEPOT_SECTION
1
-1
EOF