NAME : data_2_23
CAPACITY : 2000
DATAFILE : distance_100_cities.csv
NODE_COORD_SECTION
1 43.467517 -79.68766590000001 40 Oakville
2 44.371583 -76.77027509999999 20 Yarker
3 42.9035374 -79.61700440000001 35 Dunnville
4 42.943175399999994 -79.05512329999998 10 Stevensville
5 42.66413529999999 -81.21563290000002 1 Port Stanley
6 44.4778213 -76.234386 33 Seeleys Bay
7 43.5534346 -81.39340490000001 78 Seaforth
8 43.1690076 -79.0574436 67 Queenston
9 44.14026399999999 -79.453227 90 Queensville
10 42.217172999999995 -82.801463 93 Pleasant Park
11 45.266667 -79.03333300000001 38 Port Cunnington
12 49.7586397 -94.5565844 95 Keewatin
13 44.5052295 -77.47263629999998 32 Madoc
14 42.908852 -81.00229 28 Harrietsville
15 44.37167120000001 -80.85438470000001 47 Chatsworth
16 44.6059438 -80.5936871 3 Meaford
17 43.814255200000005 -79.424025 64 Thornhill
18 44.114899 -79.56295290000001 70 Bradford West Gwillimbury
19 49.05833089999999 -84.10295959999998 48 Oba
20 45.330991 -79.011499 4 Dwight
21 42.814509 -82.28178740000001 79 Brigden
22 44.4820219 -81.14678190000001 21 Tara
23 43.3472758 -81.4805653 87 Exeter
DEMAND_SECTION
1 0 40 Oakville
2 541 20 Yarker
3 1288 35 Dunnville
4 864 10 Stevensville
5 1145 1 Port Stanley
6 442 33 Seeleys Bay
7 276 78 Seaforth
8 815 67 Queenston
9 1858 90 Queensville
10 636 93 Pleasant Park
11 696 38 Port Cunnington
12 1438 95 Keewatin
13 1119 32 Madoc
14 1476 28 Harrietsville
15 1783 47 Chatsworth
16 297 3 Meaford
17 1849 64 Thornhill
18 1868 70 Bradford West Gwillimbury
19 910 48 Oba
20 252 4 Dwight
21 687 79 Brigden
22 678 21 Tara
23 369 87 Exeter
DEPOT_SECTION
1
-1
EOF